x   y   dx   dy
-0.785            1.782              0.0087                           0.01
-0.698            1.782              0.0087                           0.01
-0.611            1.782              0.0087                           0.01
-0.524            1.781              0.0087                           0.01
-0.436            1.781              0.0087                           0.01
-0.349            1.781              0.0087                           0.01
-0.262            1.780              0.0087                           0.01
-0.175            1.780              0.0087                           0.01
-0.087            1.780              0.0087                           0.01
0                  1.780              0.0087                           0.01
0.087             1.780              0.0087                           0.01
0.175             1.780              0.0087                           0.01
0.262             1.780              0.0087                           0.01
0.349             1.781              0.0087                           0.01
0.436             1.781              0.0087                           0.01
0.524             1.781              0.0087                           0.01
0.611             1.782              0.0087                           0.01
0.698             1.782              0.0087                           0.01
0.785             1.782              0.0087                           0.01
